0 0
0 2
0 3
0 6
0 8
0 12
0 17
1 2
1 3
1 15
2 3
2 7
2 16
3 6
3 7
3 9
3 12
4 9
4 12
4 13
4 17
5 3
5 9
6 1
6 2
6 3
6 9
6 12
6 13
7 1
7 2
7 3
7 9
8 0
8 1
8 3
8 11
8 13
9 1
9 2
9 7
9 13
10 1
10 5
10 7
10 13
11 0
11 1
11 5
11 13
11 17
12 7
12 11
12 12
13 6
13 17
14 0
14 5
14 11
14 12
17 0
17 1
17 2
17 3
17 4
17 10
17 11
17 12
17 13
17 17
18 2
18 3
18 4
18 5
18 10
19 1
19 2
19 4
19 5
19 12
20 2
20 3
20 4
20 5
20 6
20 7
20 10
20 17
21 0
21 1
21 2
21 3
21 5
21 6
21 11
22 1
22 3
22 5
22 6
22 16
23 1
23 2
23 3
23 4
23 5
23 6
23 7
23 17
24 1
24 3
24 4
25 1
25 3
25 7
25 16
25 17
26 1
26 2
26 3
26 4
26 6
26 14
26 17
27 2
27 4
27 7
27 16
27 17
28 4
28 5
28 6
29 4
30 16
31 2
31 16
