0 2
0 15
0 17
1 2
1 15
1 17
2 1
2 2
2 14
2 17
3 1
3 14
3 16
4 1
4 14
4 16
5 0
5 1
5 2
5 14
5 16
6 2
6 14
6 16
7 2
7 7
7 8
7 13
7 16
8 2
8 5
8 6
8 9
8 13
8 15
9 0
9 2
9 3
9 4
9 6
9 9
9 10
9 11
9 12
9 13
9 15
10 6
10 9
10 10
10 14
11 3
11 6
11 10
11 14
12 5
12 12
12 14
13 4
13 14
14 14
14 15
14 16
14 17
17 15
18 1
18 2
18 3
18 4
18 14
18 15
18 16
18 17
19 1
19 4
19 5
19 13
20 1
20 2
20 5
20 13
21 1
21 13
21 15
22 1
22 5
22 13
22 16
23 1
23 5
23 6
23 13
24 1
24 6
24 13
25 0
25 5
25 6
25 13
26 0
26 6
26 7
26 13
27 0
27 6
27 13
28 0
28 2
28 5
28 6
28 14
29 0
29 15
30 1
30 2
30 3
30 4
30 5
30 15
30 16
30 17
