0 0
0 1
0 5
0 10
0 13
0 15
0 16
1 0
1 3
1 5
1 10
1 17
2 0
2 3
2 4
2 5
2 12
2 14
3 0
3 2
3 3
3 7
3 8
4 0
4 3
4 4
4 5
4 8
4 13
5 0
5 1
5 3
5 5
5 8
5 17
6 0
6 6
6 7
6 8
6 16
7 0
7 2
7 4
7 6
7 16
8 0
8 6
8 14
8 16
9 0
9 1
9 3
9 6
9 7
9 12
9 16
10 0
10 6
10 15
11 1
11 5
11 6
11 7
11 11
11 15
12 1
12 4
12 5
12 15
13 1
13 3
13 4
13 15
14 0
14 1
14 4
14 5
14 13
14 14
14 15
15 11
15 12
16 12
17 0
17 4
17 12
17 16
17 17
18 0
18 1
18 2
18 4
18 5
18 7
18 11
18 15
19 2
19 5
19 6
19 11
19 15
20 2
20 6
20 7
20 8
20 9
20 11
20 14
20 15
20 17
21 3
21 9
21 11
21 12
21 13
22 2
22 8
22 9
22 14
22 16
23 1
23 2
23 9
24 0
24 6
24 7
24 8
24 9
24 10
24 13
24 15
24 17
25 0
25 3
25 4
25 5
25 6
26 2
26 3
27 2
27 7
27 8
27 9
27 10
28 2
28 6
28 11
28 17
29 0
29 5
29 12
30 0
30 6
30 12
31 6
31 12
